1	-999.000000	0.000000	A
2	-999.000000	0.000000	A
3	-999.000000	0.000000	A
4	1.066321	1.250205	T
5	-999.000000	0.000000	T
6	1.188564	0.667691	G
7	1.287845	1.461290	A
8	4.157407	4.295116	A
9	2.224063	2.375387	G
10	0.964593	0.774512	A
11	0.002512	0.053798	G
12	-0.034906	0.143529	T
13	-0.077852	0.257623	T
14	-0.068123	0.122385	T
15	0.288840	0.261113	G
16	0.350582	0.241510	A
17	0.313229	0.164189	T
18	0.093781	0.065683	C
19	0.052227	0.022377	A
20	1.536843	0.411001	T
21	-0.007589	0.070209	G
22	0.029003	0.041054	G
23	0.027552	0.035187	C
24	0.254880	0.080946	T
25	0.656147	0.162150	C
26	2.035473	0.371627	A
27	0.107876	0.052474	G
28	0.048920	0.042845	A
29	-0.135588	0.095037	T
30	0.562500	0.117108	T
31	1.543136	0.248961	G
32	0.190075	0.083087	A
33	0.164157	0.051867	A
34	0.039506	0.046214	C
35	0.283383	0.068611	G
36	0.163438	0.048422	C
37	0.890722	0.106595	T
38	2.063560	0.264077	G
39	0.344674	0.050314	G
40	0.068521	0.027831	C
41	-0.015693	0.034125	G
42	-0.043189	0.026554	G
43	0.015905	0.057682	C
44	0.244027	0.055362	A
45	0.091179	0.052776	G
46	0.045954	0.023557	G
47	0.088726	0.057941	C
48	0.529119	0.087458	C
49	1.850504	0.280305	T
50	2.131685	0.297150	A
51	1.445494	0.256916	A
52	0.207277	0.061505	C
53	0.071300	0.059333	A
54	0.257869	0.064094	C
55	0.761969	0.103256	A
56	0.280304	0.057689	T
57	0.230664	0.038390	G
58	0.294538	0.073706	C
59	1.257629	0.183520	A
60	3.208420	0.414647	A
61	0.244209	0.042971	G
62	0.104335	0.032777	T
63	0.068966	0.046251	C
64	0.442975	0.060466	G
65	0.993528	0.170561	A
66	0.358880	0.076902	A
67	-999.000000	0.000000	C
68	0.422664	0.051995	G
69	0.212509	0.036931	G
70	0.192772	0.041027	T
71	0.701824	0.163074	A
72	0.292079	0.061526	A
73	0.057933	0.055630	C
74	0.020653	0.032608	A
75	-0.056839	0.035531	G
76	0.011497	0.023331	G
77	0.019807	0.053544	A
78	0.023091	0.027127	A
79	-999.000000	0.000000	G
80	-999.000000	0.000000	A
81	0.002084	0.042891	A
82	0.137251	0.034639	G
83	0.178353	0.035591	C
84	0.737193	0.112714	T
85	0.903450	0.109052	T
86	0.182170	0.034328	G
87	0.060980	0.016137	C
88	0.008957	0.012124	T
89	-999.000000	0.000000	T
90	-999.000000	0.000000	C
91	0.040452	0.030573	T
92	0.172644	0.049515	T
93	-999.000000	0.000000	T
94	0.105454	0.027131	G
95	0.102013	0.038898	C
96	0.073799	0.028366	T
97	0.149621	0.037693	G
98	0.236796	0.046711	A
99	0.209224	0.065573	C
100	0.466404	0.061157	G
101	0.646842	0.112019	A
102	0.431543	0.059744	G
103	0.255000	0.040180	T
104	0.294470	0.046205	G
105	0.614014	0.057900	G
106	0.265990	0.032464	C
107	0.058504	0.033207	G
108	0.643590	0.076810	G
109	0.759328	0.101164	A
110	0.428236	0.048747	C
111	0.702204	0.080217	G
112	0.645308	0.065376	G
113	0.775272	0.072225	G
114	0.243794	0.028516	T
115	0.353626	0.059871	G
116	1.271605	0.133797	A
117	1.861326	0.292586	G
118	1.188447	0.121477	T
119	1.876517	0.192507	A
120	2.589634	0.280093	A
121	1.132808	0.122862	T
122	0.519600	0.060079	G
123	0.002468	0.020681	T
124	0.003694	0.032560	C
125	-0.021010	0.026714	T
126	-0.010923	0.029231	G
127	0.076574	0.031915	G
128	0.073308	0.018271	G
129	0.501693	0.087125	A
130	1.609498	0.251330	A
131	-999.000000	0.000000	A
132	0.351800	0.062780	C
133	0.936199	0.108196	T
134	0.867317	0.087483	G
135	0.282284	0.037522	C
136	0.109577	0.027072	C
137	0.083793	0.027296	T
138	0.044712	0.023719	G
139	-0.032083	0.021692	A
140	0.010610	0.012018	T
141	0.010706	0.013208	G
142	-999.000000	0.000000	G
143	0.000286	0.010668	A
144	-0.009154	0.010167	G
145	-0.006174	0.012097	G
146	-0.035297	0.014928	G
147	-0.032375	0.024918	G
148	0.012592	0.029666	G
149	0.003774	0.038099	A
150	0.036899	0.034402	T
151	0.156291	0.042945	A
152	0.187245	0.057952	A
153	0.026816	0.033776	C
154	-0.051135	0.036818	T
155	-0.004365	0.051264	A
156	-0.072639	0.058171	C
157	-0.009753	0.032815	T
158	0.004821	0.047446	G
159	0.087254	0.027127	G
160	0.425059	0.092149	A
161	0.593580	0.109149	A
162	0.860318	0.162855	A
163	0.256977	0.080995	C
164	0.039375	0.030420	G
165	0.061085	0.043114	G
166	-0.014422	0.048940	T
167	0.042350	0.060906	A
168	0.107179	0.051493	G
169	0.051558	0.068746	C
170	0.170226	0.176083	T
171	0.088744	0.076083	A
172	0.356179	0.082245	A
173	0.902782	0.175181	T
174	0.777448	0.115801	A
175	0.089617	0.065631	C
176	0.089669	0.065040	C
177	1.579986	0.141294	G
178	2.489755	0.396680	C
179	0.167122	0.049320	A
180	0.260689	0.065750	T
181	0.385702	0.093443	A
182	0.363577	0.088445	A
183	-999.000000	0.000000	C
184	-0.011469	0.027757	G
185	0.016029	0.025188	T
186	0.047127	0.040262	C
187	0.131676	0.033445	G
188	1.177082	0.171777	C
189	0.758413	0.119586	A
190	1.070445	0.172088	A
191	0.015158	0.034752	G
192	0.042044	0.032520	A
193	-0.013163	0.054627	C
194	0.159937	0.037620	C
195	0.106366	0.033088	A
196	0.096216	0.031972	A
197	0.139294	0.027680	A
198	-999.000000	0.000000	G
199	0.138219	0.026926	A
200	0.072008	0.017607	G
201	0.072699	0.020818	G
202	-0.002625	0.028073	G
203	0.035965	0.035612	G
204	0.267890	0.050628	G
205	1.255852	0.156516	A
206	0.018996	0.060282	C
207	-0.114529	0.039238	C
208	-999.000000	0.000000	T
209	0.391146	0.072502	T
210	0.200334	0.029912	C
211	0.267593	0.048918	G
212	0.326581	0.072965	G
213	0.054962	0.035377	G
214	0.033625	0.030988	C
215	0.029744	0.060722	C
216	-0.023916	0.024034	T
217	-999.000000	0.000000	C
218	0.004083	0.034572	T
219	0.238109	0.070671	T
220	0.012553	0.029344	G
221	0.044648	0.054873	C
222	-0.008861	0.044785	C
223	-0.047728	0.041475	A
224	-0.064892	0.034327	T
225	-0.091083	0.029305	C
226	-999.000000	0.000000	G
227	0.243275	0.044082	G
228	0.611637	0.114637	A
229	0.612288	0.099738	T
230	0.309605	0.051412	G
231	0.185363	0.044954	T
232	0.474397	0.061279	G
233	-0.033103	0.045197	C
234	0.003425	0.032688	C
235	-0.034007	0.036683	C
236	0.094924	0.059698	A
237	0.121775	0.054536	G
238	0.354296	0.076862	A
239	1.307288	0.202123	T
240	-0.013508	0.050927	G
241	-0.015107	0.036413	G
242	0.105902	0.058732	G
243	0.183723	0.046468	A
244	0.194949	0.065069	T
245	0.550392	0.087897	T
246	1.738574	0.214555	A
247	-0.000779	0.032594	G
248	0.136451	0.035058	C
249	0.047036	0.046657	T
250	-999.000000	0.000000	A
251	0.208315	0.030731	G
252	0.025494	0.021419	T
253	-999.000000	0.000000	A
254	0.041543	0.019222	G
255	0.044302	0.018127	G
256	0.034582	0.015532	T
257	-0.009741	0.024832	G
258	0.004679	0.026065	G
259	0.023158	0.037603	G
260	0.058399	0.031699	G
261	0.067952	0.032276	T
262	0.301191	0.066694	A
263	0.462996	0.072861	A
264	0.320729	0.074531	C
265	0.303370	0.056352	G
266	0.298891	0.048479	G
267	-0.047726	0.062197	C
268	-0.008840	0.041058	T
269	-0.053947	0.032601	C
270	0.006458	0.020672	A
271	-0.024817	0.022904	C
272	-0.051259	0.027260	C
273	-999.000000	0.000000	T
274	-0.036662	0.021289	A
275	-0.053594	0.015750	G
276	0.030002	0.029663	G
277	0.161172	0.038122	C
278	0.119216	0.056757	G
279	0.740685	0.109251	A
280	1.601758	0.260091	C
281	0.578180	0.098995	G
282	0.403315	0.083931	A
283	0.003203	0.023413	T
284	0.001717	0.033920	C
285	-0.044749	0.025243	C
286	0.022597	0.027220	C
287	0.375768	0.081686	T
288	1.124718	0.153722	A
289	0.122470	0.030510	G
290	0.016064	0.037749	C
291	0.120742	0.061996	T
292	0.115220	0.032107	G
293	0.172952	0.030689	G
294	-0.016256	0.024349	T
295	0.057755	0.044967	C
296	1.349836	0.150053	T
297	1.620046	0.192671	G
298	1.703070	0.168018	A
299	0.624332	0.103847	G
300	1.993276	0.213051	A
301	2.817716	0.243130	G
302	2.164970	0.210803	G
303	1.260818	0.136243	A
304	1.395155	0.167343	T
305	0.065922	0.038178	G
306	0.217135	0.035315	A
307	-0.044422	0.036321	C
308	0.012233	0.029670	C
309	0.110443	0.046895	A
310	-0.011823	0.021736	G
311	0.052985	0.037131	C
312	0.202773	0.070245	C
313	0.762451	0.093122	A
314	0.054807	0.063120	C
315	0.360670	0.062092	A
316	0.269265	0.051750	C
317	0.198200	0.034359	T
318	0.723132	0.088718	G
319	1.055551	0.088229	G
320	1.296591	0.147614	A
321	0.783735	0.100294	A
322	0.296201	0.057981	C
323	0.214091	0.022565	T
324	0.783900	0.070866	G
325	0.579702	0.061415	A
326	0.908956	0.086064	G
327	1.191798	0.111209	A
328	0.955973	0.118354	C
329	0.635847	0.068559	A
330	1.298882	0.116810	C
331	0.394772	0.055980	G
332	0.213653	0.036934	G
333	0.020075	0.019407	T
334	0.014343	0.044631	C
335	-0.002758	0.060107	C
336	0.437332	0.075316	A
337	1.164237	0.162423	G
338	1.204923	0.141636	A
339	0.124441	0.058672	C
340	0.023305	0.027174	T
341	-0.017295	0.040972	C
342	0.099577	0.037827	C
343	0.325108	0.054291	T
344	0.265125	0.041349	A
345	0.280674	0.045851	C
346	0.085123	0.026168	G
347	0.070281	0.025873	G
348	0.128533	0.026922	G
349	0.119316	0.029631	A
350	0.146586	0.037132	G
351	0.166709	0.026979	G
352	0.181604	0.039036	C
353	0.455818	0.060749	A
354	0.077334	0.022996	G
355	0.028758	0.030998	C
356	0.106440	0.026386	A
357	0.162729	0.023241	G
358	0.075510	0.012815	T
359	0.067337	0.022517	G
360	0.112443	0.030267	G
361	0.202089	0.038740	G
362	0.303565	0.041250	G
363	0.688356	0.105038	A
364	1.854763	0.246741	A
365	1.360904	0.170562	T
366	2.753280	0.374417	A
367	0.855531	0.085994	T
368	0.208751	0.040537	T
369	0.079645	0.036697	G
370	0.016476	0.045301	C
371	0.169178	0.048900	A
372	0.501556	0.065629	C
373	0.931826	0.086626	A
374	1.956445	0.164921	A
375	0.304812	0.032661	T
376	0.007190	0.030387	G
377	-0.003772	0.034405	G
378	-0.001122	0.023729	G
379	0.144982	0.043270	C
380	0.050701	0.037499	G
381	0.757239	0.107601	C
382	0.933663	0.194119	A
383	0.654345	0.102942	A
384	0.027147	0.041122	G
385	0.044687	0.045097	C
386	-0.003236	0.029287	C
387	0.314259	0.073127	T
388	0.728086	0.105337	G
389	1.265396	0.200043	A
390	0.085724	0.038291	T
391	0.187918	0.035754	G
392	0.440343	0.087155	C
393	0.248906	0.057409	A
394	0.077042	0.026342	G
395	0.067642	0.053552	C
396	0.124351	0.046266	C
397	0.653165	0.072651	A
398	0.083593	0.020122	T
399	0.027722	0.021945	G
400	0.035816	0.041948	C
401	0.024441	0.040321	C
402	0.222290	0.032572	G
403	0.176239	0.040051	C
404	1.692508	0.191758	G
405	0.830595	0.096063	T
406	0.358921	0.057964	G
407	0.182778	0.054149	T
408	0.164607	0.037005	A
409	-0.005035	0.028268	T
410	0.036128	0.033497	G
411	0.010807	0.032829	A
412	1.059048	0.096106	A
413	-0.039650	0.031411	G
414	-0.037337	0.039382	A
415	0.153500	0.033997	A
416	0.122421	0.037283	G
417	0.009258	0.025410	G
418	0.083443	0.050216	C
419	-0.013610	0.022136	C
420	0.077332	0.037999	T
421	0.283445	0.047187	T
422	0.437714	0.058139	C
423	0.260643	0.054732	G
424	0.065024	0.037033	G
425	0.037413	0.025133	G
426	0.105757	0.051941	T
427	0.246863	0.059753	T
428	0.208980	0.045323	G
429	0.164263	0.043498	T
430	0.034117	0.046769	A
431	0.130647	0.040765	A
432	0.253953	0.042509	A
433	0.088652	0.046816	G
434	0.085222	0.045166	T
435	0.155166	0.039761	A
436	-0.071100	0.016120	C
437	0.349675	0.052395	T
438	0.642267	0.077771	T
439	0.529938	0.044777	T
440	0.073496	0.025526	C
441	0.122714	0.024082	A
442	0.022258	0.016413	G
443	0.004091	0.017895	C
444	0.042156	0.016480	G
445	0.059215	0.019322	G
446	0.013807	0.020903	G
447	0.043266	0.018596	G
448	0.315627	0.031257	A
449	0.151962	0.027772	G
450	0.179486	0.024855	G
451	0.201575	0.036121	A
452	0.560408	0.057751	A
453	0.249815	0.034932	G
454	0.359055	0.046690	G
455	0.414102	0.063117	G
456	0.006998	0.027313	A
457	0.064859	0.035001	G
458	-0.008309	0.028777	T
459	0.061202	0.040138	A
460	-0.027003	0.032081	A
461	0.032170	0.027572	A
462	0.150495	0.048935	G
463	0.213668	0.051521	T
464	1.737223	0.235180	T
465	1.419861	0.178508	A
466	0.949358	0.119537	A
467	1.657057	0.289820	T
468	0.889318	0.081460	A
469	0.086460	0.058323	C
470	-0.125976	0.022352	C
471	0.014895	0.030423	T
472	-0.025172	0.036476	T
473	0.058458	0.040915	T
474	-0.026640	0.028213	G
475	-0.061237	0.041235	C
476	-0.022195	0.037053	T
477	0.058458	0.038194	C
478	1.202930	0.126125	A
479	0.196599	0.086178	T
480	1.209077	0.184430	T
481	0.801972	0.091599	G
482	0.388315	0.078506	A
483	0.211435	0.059592	C
484	1.091716	0.136953	G
485	0.807906	0.129446	T
486	0.838671	0.109095	T
487	0.780626	0.127993	A
488	-0.006051	0.049702	C
489	-0.066236	0.041671	C
490	-0.015366	0.023680	C
491	-0.005678	0.020976	G
492	0.098613	0.043079	C
493	0.394310	0.079673	A
494	1.238329	0.185217	G
495	1.793858	0.244061	A
496	1.711009	0.297369	A
497	2.014739	0.382776	G
498	1.137666	0.170502	A
499	1.944005	0.315452	A
500	0.144633	0.030738	G
501	0.246711	0.054925	C
502	0.105867	0.033086	A
503	0.101134	0.033954	C
504	0.126159	0.031936	C
505	0.880705	0.087184	G
506	1.489922	0.110528	G
507	1.200668	0.141805	C
508	1.497123	0.259740	T
509	1.567686	0.279885	A
510	1.071664	0.143558	A
511	0.065443	0.045017	C
512	0.007642	0.019191	T
513	-0.030348	0.030133	C
514	-0.045687	0.041549	C
515	0.066515	0.021963	G
516	0.098619	0.027334	T
517	0.128478	0.025148	G
518	0.129516	0.042648	C
519	0.315034	0.049987	C
520	1.434805	0.163315	A
521	0.173502	0.028122	G
522	0.146613	0.039564	C
523	0.587788	0.105376	A
524	0.287132	0.032581	G
525	0.412080	0.051017	C
526	1.016088	0.081653	C
527	0.045548	0.015265	G
528	0.157583	0.029981	C
529	0.168658	0.024722	G
530	0.394755	0.044239	G
531	0.277076	0.045294	T
532	1.211960	0.189626	A
533	1.080837	0.147020	A
534	0.468420	0.064480	T
535	0.417359	0.045827	A
536	0.121820	0.035029	C
537	0.076826	0.026996	G
538	0.055444	0.020642	G
539	-0.004151	0.023640	A
540	0.153210	0.027841	G
541	0.059050	0.021963	G
542	0.050889	0.032516	G
543	0.021962	0.024474	T
544	0.018849	0.027659	G
545	0.405420	0.057823	C
546	1.211310	0.125412	A
547	0.806810	0.092912	A
548	-0.000411	0.022999	G
549	-0.019579	0.035865	C
550	0.024551	0.028015	G
551	0.025946	0.042928	T
552	0.157228	0.028939	T
553	0.122720	0.028518	A
554	0.139250	0.029265	A
555	0.005739	0.018439	T
556	0.097575	0.032528	C
557	0.652516	0.071112	G
558	1.246512	0.082064	G
559	0.708393	0.094314	A
560	1.122808	0.132752	A
561	0.260432	0.040058	T
562	0.830657	0.048149	T
563	1.081148	0.074260	A
564	0.083809	0.028043	C
565	0.035052	0.012108	T
566	-0.009742	0.019982	G
567	0.059327	0.028967	G
568	0.006138	0.024660	G
569	0.204875	0.037080	C
570	0.654810	0.076759	G
571	0.728209	0.073317	T
572	0.543835	0.081564	A
573	1.421086	0.153379	A
574	2.121134	0.205751	A
575	0.660705	0.061853	G
576	0.104854	0.033634	C
577	0.001859	0.021531	G
578	0.009473	0.028917	C
579	-0.025230	0.029563	A
580	-0.024505	0.024790	C
581	0.170986	0.023227	G
582	0.150668	0.037243	C
583	0.043078	0.029173	A
584	0.051468	0.026733	G
585	-0.018708	0.025648	G
586	0.039336	0.033547	C
587	0.079289	0.029791	G
588	0.000564	0.014608	G
589	-0.001393	0.032290	T
590	0.074080	0.038810	T
591	0.013218	0.025436	T
592	0.005383	0.029107	G
593	-0.016438	0.041304	T
594	-0.014560	0.034436	T
595	0.065339	0.055544	A
596	0.065662	0.035403	A
597	0.122728	0.040389	G
598	0.001433	0.020309	T
599	-0.000004	0.029930	C
600	-0.019562	0.035702	A
601	0.078438	0.032795	G
602	0.029381	0.023276	A
603	0.125992	0.037567	T
604	0.111320	0.026567	G
605	0.067353	0.031514	T
606	1.229998	0.090352	G
607	0.457423	0.081463	A
608	1.005137	0.116121	A
609	1.694833	0.168540	A
610	0.104294	0.017345	T
611	0.018049	0.023616	C
612	-0.051687	0.020858	C
613	-0.016492	0.032593	C
614	0.048607	0.026164	C
615	0.023167	0.023989	G
616	-0.007447	0.035977	G
617	0.164487	0.033705	G
618	0.890585	0.109631	C
619	1.580620	0.143020	T
620	1.250222	0.125616	C
621	0.914673	0.151192	A
622	1.456743	0.139264	A
623	0.372628	0.056291	C
624	0.122409	0.039080	C
625	0.052487	0.029210	T
626	0.049859	0.040300	G
627	0.000970	0.020383	G
628	0.158811	0.026188	G
629	0.239568	0.052178	A
630	0.457788	0.058648	A
631	0.940792	0.133134	C
632	2.524812	0.265106	T
633	0.010655	0.030803	G
634	0.063167	0.037014	C
635	-0.000363	0.027608	A
636	-0.058380	0.017282	T
637	-0.047622	0.020689	C
638	0.089775	0.040730	T
639	-0.047620	0.036326	G
640	-0.017483	0.046076	A
641	0.056320	0.044869	T
642	0.180309	0.041938	A
643	0.149796	0.043866	C
644	0.132372	0.042230	T
645	-0.020307	0.032213	G
646	0.020063	0.022167	G
647	0.000353	0.030906	C
648	-0.065158	0.025826	A
649	0.028060	0.026686	A
650	-0.087104	0.025193	G
651	0.069817	0.024221	C
652	0.444869	0.093039	T
653	2.006645	0.269374	T
654	0.243727	0.042319	G
655	0.037572	0.042944	A
656	0.136949	0.027936	G
657	0.047857	0.024968	T
658	0.013353	0.026250	C
659	0.016923	0.029890	T
660	0.056511	0.021915	C
661	0.126898	0.019431	G
662	0.151107	0.014225	T
663	0.208527	0.018065	A
664	0.313952	0.021016	G
665	0.317383	0.019235	A
666	0.144505	0.011954	G
667	0.081174	0.011886	G
668	0.094679	0.015123	G
669	0.085395	0.018933	G
670	0.063847	0.025317	G
671	0.136894	0.029763	G
672	0.269641	0.032041	T
673	0.821657	0.104142	A
674	1.085083	0.105287	G
675	1.487673	0.161039	A
676	1.367052	0.153635	A
677	0.508420	0.065862	T
678	0.131274	0.029079	T
679	-0.003131	0.032947	C
680	0.022064	0.033939	C
681	0.106778	0.032597	A
682	-0.006789	0.017263	G
683	0.147643	0.035772	G
684	0.429997	0.045793	T
685	1.668673	0.162226	G
686	0.458484	0.040057	T
687	1.704031	0.196577	A
688	0.904005	0.093314	G
689	0.233749	0.051724	C
690	0.265658	0.033109	G
691	0.394610	0.043755	G
692	0.591972	0.071692	T
693	1.089577	0.082773	G
694	1.027076	0.206148	A
695	1.896149	0.253244	A
696	2.000001	0.207135	A
697	1.014800	0.092995	T
698	0.471595	0.050965	G
699	0.377094	0.070694	C
700	0.490852	0.059154	G
701	0.541656	0.053850	T
702	1.424438	0.175200	A
703	1.538221	0.197912	G
704	0.997566	0.139145	A
705	1.595454	0.205330	G
706	1.598189	0.133127	A
707	0.138566	0.034868	T
708	-0.003517	0.034624	C
709	0.128025	0.027152	T
710	0.084414	0.034788	G
711	0.073075	0.029492	G
712	0.106030	0.037417	A
713	0.179609	0.037601	G
714	0.575449	0.053814	G
715	1.008648	0.119845	A
716	1.397915	0.219340	A
717	0.774581	0.106306	T
718	0.665563	0.073381	A
719	0.141740	0.036268	C
720	0.172591	0.025618	C
721	0.300142	0.027420	G
722	0.881982	0.055951	G
723	0.354843	0.025033	T
724	0.338402	0.034846	G
725	0.304221	0.028911	G
726	0.324942	0.028269	C
727	0.092014	0.013675	G
728	0.039057	0.014321	A
729	0.289430	0.019956	A
730	0.245000	0.025013	G
731	0.320186	0.028452	G
732	0.438948	0.042120	C
733	0.167310	0.034860	G
734	0.366178	0.034846	G
735	0.133015	0.057201	C
736	0.087634	0.054958	C
737	0.232720	0.056019	C
738	0.103375	0.035686	C
739	0.095404	0.033007	C
740	0.042767	0.031828	T
741	0.838650	0.120918	G
742	0.323431	0.055829	G
743	0.196946	0.061232	A
744	0.120465	0.067044	C
745	0.024628	0.042305	G
746	0.139567	0.066032	A
747	0.901294	0.117133	A
748	0.026303	0.057003	G
749	0.082348	0.038097	A
750	0.015445	0.034855	C
751	0.496553	0.057472	T
752	0.230567	0.057569	G
753	0.893702	0.163682	A
754	0.089960	0.053798	C
755	-0.043316	0.034486	G
756	0.059586	0.036440	C
757	0.269059	0.041643	T
758	0.251437	0.042215	C
759	0.810920	0.114543	A
760	0.175559	0.027362	G
761	0.234602	0.038583	G
762	0.003719	0.024595	T
763	0.032914	0.026767	G
764	0.295601	0.044827	C
765	0.323437	0.033771	G
766	0.877377	0.112259	A
767	0.812517	0.101527	A
768	0.874246	0.090745	A
769	0.060064	0.026119	G
770	0.118570	0.030063	C
771	0.055457	0.018118	G
772	0.081888	0.014523	T
773	0.013500	0.015778	G
774	0.047857	0.020022	G
775	0.047117	0.021918	G
776	0.088092	0.025472	G
777	0.926871	0.081636	A
778	0.467659	0.051846	G
779	0.051330	0.024333	C
780	0.094023	0.060151	A
781	0.751237	0.121523	A
782	1.116061	0.156527	A
783	0.065876	0.038849	C
784	0.025115	0.033557	A
785	0.093626	0.044017	G
786	0.218244	0.041108	G
787	0.299572	0.062634	A
788	0.350748	0.077920	T
789	2.382492	0.284476	T
790	1.941764	0.266558	A
791	1.727954	0.194380	G
792	2.520290	0.294125	A
793	1.283122	0.167305	T
794	0.875297	0.080392	A
795	0.153342	0.069987	C
796	0.060698	0.061802	C
797	-0.034253	0.033064	C
798	0.081829	0.038568	T
799	0.141615	0.033671	G
800	0.759574	0.080821	G
801	0.377104	0.059018	T
802	0.988742	0.114651	A
803	0.598037	0.084494	G
804	-0.019866	0.015820	T
805	0.059230	0.039466	C
806	0.092636	0.040451	C
807	0.037565	0.034659	A
808	-0.011387	0.034556	C
809	0.032533	0.022463	G
810	0.070585	0.040659	C
811	0.377327	0.057201	C
812	2.526903	0.244425	G
813	3.456193	0.404655	T
814	0.615506	0.163939	A
815	1.344755	0.204929	A
816	1.644891	0.187962	A
817	1.542721	0.200265	C
818	1.936724	0.165160	G
819	1.992656	0.183485	A
820	0.663015	0.065510	T
821	0.056323	0.023152	G
822	-0.025314	0.017924	T
823	0.056856	0.033292	C
824	0.081511	0.030174	G
825	0.144334	0.028596	A
826	0.123307	0.043073	C
827	0.289450	0.032138	T
828	0.823132	0.051453	T
829	0.199715	0.037949	G
830	0.147400	0.029607	G
831	0.122082	0.031405	A
832	0.090980	0.030429	G
833	0.111800	0.021862	G
834	0.126539	0.033930	T
835	0.182886	0.044596	T
836	0.381203	0.050544	G
837	0.216973	0.037565	T
838	0.117329	0.026048	G
839	0.133295	0.049315	C
840	0.116573	0.040567	C
841	0.432430	0.043902	C
842	0.912361	0.120888	T
843	1.436380	0.165143	T
844	0.661864	0.078394	G
845	2.258116	0.261248	A
846	0.406189	0.054542	G
847	0.005785	0.023273	G
848	0.015082	0.026026	C
849	0.085190	0.028642	G
850	0.221477	0.052105	T
851	0.043955	0.031832	G
852	0.026698	0.029317	G
853	-0.047971	0.024309	C
854	0.049653	0.041877	T
855	-999.000000	0.000000	T
856	0.113160	0.033061	C
857	0.014001	0.023825	C
858	0.639141	0.062245	G
859	0.493832	0.059641	G
860	1.203121	0.127949	A
861	0.114809	0.022423	G
862	0.349818	0.053093	C
863	1.725622	0.200263	T
864	1.935918	0.264515	A
865	1.179568	0.111386	A
866	1.292416	0.177579	C
867	0.495040	0.057793	G
868	0.318410	0.055069	C
869	1.822809	0.149951	G
870	3.078339	0.500330	T
871	3.411736	0.409959	T
872	0.665167	0.094185	A
873	0.557804	0.081283	A
874	0.060011	0.026938	G
875	0.070047	0.026403	T
876	0.099775	0.031958	C
877	0.039296	0.024532	G
878	0.153665	0.030803	A
879	0.133534	0.046325	C
880	0.138433	0.047864	C
881	-0.024953	0.020895	G
882	-0.001363	0.026985	C
883	0.020893	0.030866	C
884	0.222553	0.033073	T
885	0.130685	0.040354	G
886	0.173240	0.035983	G
887	0.442169	0.049503	G
888	0.261743	0.038240	G
889	1.351960	0.118322	A
890	1.856618	0.212195	G
891	1.132652	0.090120	T
892	1.082181	0.109200	A
893	0.774551	0.077952	C
894	0.306742	0.042464	G
895	0.155286	0.027793	G
896	0.012063	0.036154	C
897	-0.005779	0.024946	C
898	0.594464	0.046438	G
899	1.310313	0.138488	C
900	1.769839	0.243681	A
901	2.410097	0.303053	A
902	0.054732	0.018805	G
903	-0.032642	0.019235	G
904	0.102444	0.047199	T
905	0.972547	0.098657	T
906	0.529253	0.080366	A
907	0.751404	0.120397	A
908	0.704771	0.117095	A
909	0.700802	0.080271	A
910	-0.088664	0.040423	C
911	0.037543	0.036002	T
912	0.195202	0.026090	C
913	0.454050	0.084010	A
914	1.664801	0.203107	A
915	1.912595	0.158013	A
916	0.690144	0.085603	T
917	0.987559	0.058102	G
918	0.486557	0.062421	A
919	1.143361	0.082150	A
920	0.210189	0.019126	T
921	0.031968	0.009834	T
922	-0.025145	0.009695	G
923	-0.026061	0.009942	A
924	-0.001880	0.010504	C
925	-999.000000	0.000000	G
926	-999.000000	0.000000	G
927	-0.000226	0.012129	G
928	0.018500	0.016756	G
929	0.029650	0.015675	G
930	0.057067	0.028247	C
931	0.052809	0.040801	C
932	0.065931	0.036163	C
933	0.470974	0.049753	G
934	0.127740	0.051681	C
935	1.276209	0.161703	A
936	1.077346	0.183978	C
937	1.429194	0.180723	A
938	0.754564	0.102273	A
939	0.510706	0.056804	G
940	0.112599	0.034290	C
941	0.128808	0.024254	G
942	0.112545	0.024327	G
943	0.134576	0.022792	T
944	0.204226	0.039868	G
945	0.103352	0.036171	G
946	0.130519	0.041964	A
947	-0.002242	0.038359	G
948	0.408120	0.072538	C
949	0.557342	0.074142	A
950	0.414989	0.052980	T
951	0.641101	0.073685	G
952	0.763137	0.086772	T
953	0.903238	0.095737	G
954	0.243162	0.026241	G
955	0.233997	0.059055	T
956	0.744993	0.152064	T
957	1.288100	0.154285	T
958	4.325613	0.770762	A
959	2.010901	0.273382	A
960	0.386492	0.090038	T
961	0.169280	0.040338	T
962	-0.038183	0.046493	C
963	0.261479	0.050479	G
964	0.255857	0.059544	A
965	0.255124	0.037236	T
966	0.208667	0.016849	G
967	0.781954	0.127215	C
968	1.577456	0.254139	A
969	0.880031	0.135473	A
970	1.593663	0.282064	C
971	0.218471	0.049914	G
972	0.370989	0.077427	C
973	0.167541	0.053196	G
974	0.096984	0.050976	A
975	0.551734	0.095974	A
976	0.235232	0.054615	G
977	0.547419	0.114916	A
978	0.604599	0.105563	A
979	0.129910	0.095055	C
980	0.221962	0.050822	C
981	0.884113	0.125669	T
982	0.649365	0.119680	T
983	0.924055	0.137441	A
984	0.580878	0.109644	C
985	0.198688	0.069374	C
986	0.473962	0.079291	T
987	0.016644	0.040810	G
988	0.067798	0.036389	G
989	0.038199	0.029830	T
990	0.239385	0.039802	C
991	0.985982	0.184816	T
992	1.710657	0.230132	T
993	2.796041	0.420316	G
994	1.024361	0.180285	A
995	0.196918	0.067088	C
996	0.800295	0.114199	A
997	-0.023404	0.020530	T
998	0.259678	0.079512	C
999	0.075610	0.047943	C
1000	-0.060399	0.044262	A
1001	0.001483	0.039917	C
1002	-999.000000	0.000000	G
1003	0.277113	0.048400	G
1004	1.308909	0.247775	A
1005	1.226828	0.185004	A
1006	-999.000000	0.000000	G
1007	-0.017302	0.045723	T
1008	-0.010961	0.065655	T
1009	0.028142	0.053136	T
1010	-999.000000	0.000000	T
1011	0.026403	0.044034	C
1012	0.116980	0.061091	A
1013	0.609139	0.122746	G
1014	0.248985	0.074291	A
1015	0.712397	0.132665	G
1016	1.233466	0.144331	A
1017	0.336548	0.068747	T
1018	0.073028	0.063448	G
1019	-999.000000	0.000000	A
1020	0.102771	0.039568	G
1021	0.118164	0.050674	A
1022	-999.000000	0.000000	A
1023	0.266328	0.054444	T
1024	0.838546	0.126646	G
1025	0.507846	0.069757	T
1026	0.694486	0.087474	G
1027	0.090820	0.062633	C
1028	-0.056052	0.034315	C
1029	0.155007	0.037832	T
1030	0.280506	0.042847	T
1031	0.632098	0.085325	C
1032	0.042501	0.042345	G
1033	-0.022246	0.047834	G
1034	0.096337	0.036576	G
1035	0.366531	0.088066	A
1036	0.384718	0.067847	A
1037	-0.014212	0.087819	C
1038	-999.000000	0.000000	C
1039	0.083488	0.044791	G
1040	0.100635	0.045525	T
1041	-0.044835	0.064851	G
1042	1.522882	0.212199	A
1043	0.596656	0.115649	G
1044	1.037237	0.163144	A
1045	1.161898	0.164296	C
1046	0.938033	0.138868	A
1047	0.074876	0.022182	G
1048	0.058717	0.039632	G
1049	0.413856	0.056001	T
1050	0.417501	0.052112	G
1051	0.104874	0.057145	C
1052	0.340176	0.061928	T
1053	0.265502	0.049127	G
1054	1.413351	0.265878	C
1055	0.113549	0.030987	A
1056	0.066951	0.036386	T
1057	-0.033646	0.044754	G
1058	-0.006522	0.023430	G
1059	0.119674	0.062440	C
1060	0.078286	0.047568	T
1061	0.156790	0.044495	G
1062	0.070523	0.028934	T
1063	0.031237	0.043456	C
1064	0.035317	0.044665	G
1065	0.043417	0.048122	T
1066	0.104202	0.036769	C
1067	1.999316	0.306764	A
1068	0.104848	0.040132	G
1069	0.024801	0.030876	C
1070	-0.012085	0.040747	T
1071	0.222471	0.051657	C
1072	0.664439	0.078720	G
1073	0.687996	0.093375	T
1074	1.058604	0.103231	G
1075	2.171724	0.302497	T
1076	1.981510	0.244342	T
1077	2.122960	0.207881	G
1078	0.424979	0.070424	T
1079	2.309896	0.223866	G
1080	0.334802	0.082328	A
1081	1.813152	0.252231	A
1082	2.024093	0.191681	A
1083	0.431821	0.063223	T
1084	1.202066	0.127914	G
1085	0.307072	0.037904	T
1086	0.914534	0.080074	T
1087	0.424539	0.061667	G
1088	0.091113	0.033387	G
1089	0.118339	0.031174	G
1090	0.336740	0.064409	T
1091	1.293829	0.191722	T
1092	0.753371	0.130816	A
1093	1.416219	0.195593	A
1094	3.088875	0.365907	G
1095	0.377575	0.044469	T
1096	0.002504	0.034165	C
1097	-0.000309	0.049570	C
1098	0.058131	0.044505	C
1099	0.080918	0.025136	G
1100	0.266289	0.066734	C
1101	0.338722	0.062249	A
1102	0.233271	0.042597	A
1103	-0.002119	0.033991	C
1104	0.003597	0.026075	G
1105	0.018036	0.037539	A
1106	0.011389	0.022803	G
1107	0.252662	0.041485	C
1108	0.224271	0.028138	G
1109	1.329980	0.154911	C
1110	0.681951	0.112296	A
1111	1.536363	0.160400	A
1112	0.203174	0.077342	C
1113	0.151172	0.057433	C
1114	-0.003593	0.025693	C
1115	1.463660	0.163944	T
1116	1.763039	0.238592	T
1117	0.647380	0.108188	A
1118	0.169277	0.035665	T
1119	0.093815	0.044289	C
1120	-999.000000	0.000000	C
1121	0.077804	0.027272	T
1122	0.095793	0.037067	T
1123	0.073954	0.028083	T
1124	0.718161	0.078892	G
1125	0.183416	0.043195	T
1126	0.416354	0.054056	T
1127	0.538542	0.051789	G
1128	0.000559	0.037932	C
1129	-0.024970	0.043218	C
1130	0.164840	0.039004	A
1131	0.070582	0.027900	G
1132	0.044662	0.030266	C
1133	0.073154	0.030799	G
1134	0.110403	0.026603	G
1135	0.068422	0.017189	T
1136	0.166040	0.039788	C
1137	0.503568	0.054475	C
1138	0.054628	0.025002	G
1139	0.044057	0.019062	G
1140	-0.047847	0.036349	C
1141	0.010224	0.032052	C
1142	0.011678	0.030682	G
1143	-0.005887	0.035842	G
1144	0.098622	0.037097	G
1145	0.654479	0.111460	A
1146	0.931689	0.141084	A
1147	0.445190	0.097280	C
1148	0.195173	0.051495	T
1149	0.371777	0.062487	C
1150	0.070793	0.042242	A
1151	0.084113	0.034773	A
1152	0.039277	0.027161	A
1153	0.127421	0.032627	G
1154	0.047375	0.037130	G
1155	0.017221	0.035794	A
1156	0.114001	0.045077	G
1157	0.341650	0.077526	A
1158	0.107494	0.055160	C
1159	0.368407	0.047968	T
1160	0.073217	0.029353	G
1161	0.079108	0.043744	C
1162	-0.024045	0.036670	C
1163	-0.025361	0.046872	A
1164	0.035434	0.032546	G
1165	0.058931	0.047035	T
1166	0.979560	0.135418	G
1167	1.478358	0.206742	A
1168	2.532612	0.310233	T
1169	1.649368	0.239842	A
1170	2.258078	0.271370	A
1171	1.208276	0.166914	A
1172	0.067383	0.027082	C
1173	0.008920	0.032058	T
1174	-0.047240	0.048230	G
1175	0.086593	0.044948	G
1176	0.070523	0.050928	A
1177	0.197497	0.052180	G
1178	0.200642	0.045085	G
1179	0.201981	0.050907	A
1180	0.344059	0.055209	A
1181	0.149653	0.028713	G
1182	0.665510	0.076785	G
1183	0.792243	0.077154	T
1184	0.241984	0.057512	G
1185	-0.019695	0.040623	G
1186	0.071422	0.050265	G
1187	0.271801	0.057890	G
1188	2.463809	0.378310	A
1189	1.032927	0.143716	T
1190	0.054092	0.039788	G
1191	0.133577	0.070277	A
1192	0.058197	0.037195	C
1193	0.038240	0.037992	G
1194	0.170578	0.045353	T
1195	0.221648	0.051346	C
1196	1.936613	0.367405	A
1197	1.033098	0.152522	A
1198	0.118248	0.037712	G
1199	0.087737	0.042054	T
1200	0.064420	0.033255	C
1201	0.087188	0.049859	A
1202	0.125893	0.039904	T
1203	0.305430	0.056548	C
1204	0.651646	0.075936	A
1205	0.888906	0.079904	T
1206	0.071347	0.045803	G
1207	-999.000000	0.000000	G
1208	-0.134608	0.073825	C
1209	0.093892	0.057633	C
1210	0.041130	0.046034	C
1211	2.349551	0.248200	T
1212	4.237611	0.694513	T
1213	1.087601	0.148744	A
1214	0.415512	0.077724	C
1215	0.050753	0.042452	G
1216	-0.016021	0.033081	A
1217	0.062761	0.047280	C
1218	0.009967	0.036255	C
1219	0.014860	0.030968	A
1220	0.014308	0.029728	G
1221	0.196776	0.044212	G
1222	0.233838	0.026825	G
1223	0.142130	0.037763	C
1224	1.581055	0.191273	T
1225	0.140155	0.057266	A
1226	0.729477	0.099055	C
1227	0.030886	0.053377	A
1228	0.064844	0.045405	C
1229	0.162872	0.035947	A
1230	0.250906	0.054398	C
1231	0.087009	0.029467	G
1232	0.069539	0.022281	T
1233	0.126068	0.028854	G
1234	0.031233	0.043123	C
1235	0.323662	0.043130	T
1236	0.400979	0.058591	A
1237	0.348591	0.059770	C
1238	0.490123	0.054733	A
1239	1.166700	0.085586	A
1240	0.093037	0.015091	T
1241	-0.076779	0.019766	G
1242	-0.069892	0.019750	G
1243	-0.009778	0.032924	C
1244	-0.017170	0.024816	G
1245	0.003761	0.036454	C
1246	-0.052149	0.036419	A
1247	0.780176	0.109186	T
1248	1.073238	0.155815	A
1249	0.988756	0.137619	C
1250	0.558936	0.092199	A
1251	0.598359	0.066611	A
1252	0.512916	0.063358	A
1253	0.154541	0.028569	G
1254	-0.040992	0.029989	A
1255	0.025270	0.023262	G
1256	0.240560	0.033145	A
1257	0.440349	0.048755	A
1258	0.037068	0.032077	G
1259	-0.048330	0.047788	C
1260	0.000820	0.033845	G
1261	0.345620	0.058751	A
1262	0.009256	0.040544	C
1263	0.075201	0.048674	C
1264	0.091746	0.030889	T
1265	0.012723	0.045529	C
1266	0.385530	0.061013	G
1267	0.544743	0.086612	C
1268	0.597990	0.082751	G
1269	0.664735	0.085994	A
1270	0.070582	0.072560	G
1271	0.201143	0.066780	A
1272	0.250664	0.048751	G
1273	0.252761	0.066521	C
1274	0.348693	0.061690	A
1275	0.060611	0.049242	A
1276	0.139790	0.036361	G
1277	0.060541	0.040992	C
1278	0.446493	0.073704	G
1279	0.848197	0.109854	G
1280	1.135140	0.153906	A
1281	0.118512	0.071207	C
1282	0.215684	0.090213	C
1283	0.825875	0.110801	T
1284	0.980552	0.204815	C
1285	1.434282	0.252861	A
1286	2.916835	0.392114	T
1287	2.489675	0.380950	A
1288	2.183948	0.296908	A
1289	1.781945	0.230154	A
1290	0.256773	0.040298	G
1291	-0.065655	0.020830	T
1292	-0.019141	0.024235	G
1293	0.060569	0.047042	C
1294	0.028848	0.030544	G
1295	-0.051025	0.028705	T
1296	0.131043	0.047995	C
1297	0.832186	0.134680	G
1298	0.099593	0.046681	T
1299	1.255522	0.193603	A
1300	1.015794	0.138477	G
1301	0.098446	0.021236	T
1302	0.595872	0.093189	C
1303	0.562233	0.083942	C
1304	0.339932	0.062136	G
1305	0.328612	0.054341	G
1306	0.618837	0.114389	A
1307	-0.046066	0.042480	T
1308	0.040778	0.023906	T
1309	0.083647	0.050572	G
1310	0.068904	0.042294	G
1311	-0.040148	0.041551	A
1312	0.032765	0.033969	G
1313	0.024050	0.025673	T
1314	0.176070	0.054133	C
1315	2.827700	0.397303	T
1316	2.171950	0.196864	G
1317	0.843396	0.145874	C
1318	1.854791	0.299874	A
1319	3.368552	0.515441	A
1320	2.310930	0.381064	C
1321	1.322636	0.161803	T
1322	1.847694	0.197397	C
1323	0.043124	0.029111	G
1324	-0.014534	0.043053	A
1325	0.005105	0.043528	C
1326	-0.013841	0.016434	T
1327	0.096661	0.037733	C
1328	0.316624	0.089853	C
1329	0.111054	0.044835	A
1330	0.518173	0.089477	T
1331	1.373389	0.144035	G
1332	0.817375	0.127436	A
1333	1.001875	0.139930	A
1334	1.562283	0.163783	G
1335	0.874386	0.073944	T
1336	0.584977	0.070434	C
1337	0.040657	0.029718	G
1338	0.096946	0.025867	G
1339	0.291649	0.061634	A
1340	0.628769	0.082676	A
1341	0.261797	0.031680	T
1342	0.247149	0.051414	C
1343	0.124525	0.032388	G
1344	0.696706	0.090918	C
1345	0.342436	0.049995	T
1346	0.488962	0.077470	A
1347	0.142389	0.051189	G
1348	0.252740	0.042087	T
1349	0.260571	0.044992	A
1350	0.190033	0.034286	A
1351	0.016471	0.035448	T
1352	0.031585	0.033126	C
1353	0.028345	0.029623	G
1354	0.027298	0.025532	T
1355	0.092494	0.037983	G
1356	0.179440	0.038631	G
1357	0.789054	0.110680	A
1358	0.872111	0.112472	T
1359	1.184058	0.151820	C
1360	1.779518	0.170527	A
1361	2.431534	0.227390	G
1362	3.203699	0.354738	A
1363	2.202586	0.231786	A
1364	1.497298	0.184305	T
1365	0.385568	0.043066	G
1366	0.120419	0.065050	C
1367	0.050856	0.039119	C
1368	-0.033600	0.033437	A
1369	0.003850	0.026843	C
1370	0.036831	0.031377	G
1371	0.042737	0.027345	G
1372	-0.034075	0.035054	T
1373	0.031106	0.023258	G
1374	0.495854	0.092847	A
1375	0.870464	0.145849	A
1376	1.187979	0.188207	T
1377	1.142859	0.149058	A
1378	0.452612	0.081869	C
1379	0.357135	0.052906	G
1380	0.078342	0.036463	T
1381	0.130301	0.021702	T
1382	0.114092	0.030252	C
1383	0.116633	0.042103	C
1384	0.207880	0.040936	C
1385	0.110732	0.033701	G
1386	0.039050	0.040750	G
1387	0.109268	0.025563	G
1388	0.094608	0.037699	C
1389	0.270194	0.047109	C
1390	1.916879	0.239260	T
1391	3.143135	0.376246	T
1392	2.435224	0.278357	G
1393	1.037377	0.083446	T
1394	0.401621	0.060323	A
1395	1.147596	0.131438	C
1396	0.236429	0.039475	A
1397	0.252445	0.043256	C
1398	0.554432	0.052776	A
1399	0.847957	0.082439	C
1400	0.158169	0.039032	C
1401	0.446485	0.035849	G
1402	0.077773	0.023816	C
1403	0.062409	0.043194	C
1404	-0.019201	0.034918	C
1405	0.015432	0.029312	G
1406	0.093439	0.027085	T
1407	0.094947	0.046559	C
1408	0.424290	0.052932	A
1409	0.169304	0.080047	C
1410	0.230442	0.041057	A
1411	0.635880	0.090816	C
1412	0.266994	0.055938	C
1413	0.397567	0.045423	A
1414	0.262922	0.026827	T
1415	0.178830	0.036122	G
1416	0.150624	0.041340	G
1417	0.287335	0.051307	G
1418	0.461612	0.057836	A
1419	0.162965	0.035653	G
1420	0.080495	0.027787	T
1421	0.048535	0.043020	G
1422	0.016214	0.028832	G
1423	-0.002962	0.021995	G
1424	-0.018616	0.039874	T
1425	0.036311	0.041736	T
1426	-0.008073	0.026131	G
1427	-0.112372	0.027144	C
1428	0.260160	0.116671	A
1429	0.209202	0.054089	A
1430	0.556071	0.125585	A
1431	0.573840	0.085506	A
1432	0.640587	0.079956	G
1433	0.340446	0.081122	A
1434	0.717888	0.120248	A
1435	-0.034858	0.043812	G
1436	0.043304	0.021482	T
1437	0.001558	0.037607	A
1438	0.331929	0.047881	G
1439	0.141250	0.032927	G
1440	0.036516	0.028221	T
1441	1.504879	0.245909	A
1442	0.218696	0.043582	G
1443	-0.044961	0.031330	C
1444	0.729429	0.133639	T
1445	1.434945	0.240130	T
1446	1.526320	0.279584	A
1447	1.139226	0.134701	A
1448	-0.011932	0.053702	C
1449	0.049904	0.040672	C
1450	0.080355	0.037658	T
1451	0.215873	0.034008	T
1452	0.311821	0.037048	C
1453	0.100763	0.027134	G
1454	0.074072	0.021350	G
1455	0.094390	0.025930	G
1456	0.175060	0.032727	A
1457	0.086699	0.027894	G
1458	0.055646	0.031799	G
1459	0.075654	0.036419	G
1460	0.041303	0.040192	C
1461	-0.153747	0.035374	G
1462	-0.020404	0.040151	C
1463	0.034055	0.061537	T
1464	0.052008	0.092644	T
1465	0.013255	0.043972	A
1466	0.055768	0.073508	C
1467	0.120142	0.078258	C
1468	0.152043	0.049793	A
1469	0.218309	0.047029	C
1470	0.089882	0.031549	T
1471	0.051141	0.059259	T
1472	0.053858	0.041345	T
1473	0.041946	0.030322	G
1474	-0.011323	0.053366	T
1475	0.102405	0.045278	G
1476	0.083525	0.050325	A
1477	-0.011354	0.040975	T
1478	0.047203	0.033635	T
1479	0.030096	0.054785	C
1480	0.034870	0.058354	A
1481	0.048024	0.028627	T
1482	0.112459	0.030993	G
1483	0.083830	0.029526	A
1484	0.071567	0.038250	C
1485	0.079501	0.019690	T
1486	-0.056465	0.034923	G
1487	0.103308	0.048448	G
1488	0.079496	0.042299	G
1489	0.139052	0.041044	G
1490	0.083290	0.044349	T
1491	0.185697	0.061851	G
1492	0.753206	0.206864	A
1493	0.948088	0.228131	A
1494	0.768153	0.210139	G
1495	0.622791	0.123353	T
1496	0.088989	0.029788	C
1497	0.304954	0.065145	G
1498	-999.000000	0.000000	T
1499	0.409413	0.123764	A
1500	0.835418	0.258257	A
1501	1.743131	0.507876	C
1502	1.090538	0.458608	A
1503	0.840728	0.235814	A
1504	0.538491	0.155939	G
1505	0.663232	0.198804	G
1506	0.358411	0.091332	T
1507	0.299353	0.181652	A
1508	0.157483	0.072128	A
1509	-0.020653	0.060678	C
1510	-0.000480	0.040417	C
1511	-0.021816	0.033890	G
1512	0.024372	0.020793	T
1513	0.033191	0.038895	A
1514	-0.007530	0.031306	G
1515	-999.000000	0.000000	G
1516	-0.006292	0.028372	G
1517	-999.000000	0.000000	G
1518	0.131002	0.050853	A
1519	-999.000000	0.000000	A
1520	-0.080416	0.077816	C
1521	0.516010	0.346010	C
1522	0.026984	0.190494	T
1523	0.085190	0.105906	G
1524	-0.172194	0.123721	C
1525	0.000939	0.063919	G
1526	0.157024	0.051640	G
1527	-0.126072	0.125341	T
1528	0.424543	0.334057	T
1529	0.524818	0.416050	G
1530	0.107540	0.167057	G
1531	1.112164	0.923360	A
1532	0.318738	0.085467	T
1533	0.168933	0.114662	C
1534	0.426984	0.133462	A
1535	0.234013	0.211696	C
1536	0.247659	0.179590	C
1537	0.083419	0.040589	T
1538	-0.010853	0.073277	C
1539	-0.050139	0.085412	C
1540	0.103997	0.117253	T
1541	-999.000000	0.000000	T
1542	-999.000000	0.000000	A
